Level XP HD THAC0 D W P B S 1 2 3 4 5
1 0 1d6 19 [0] 11 12 14 16 15 – – – – –
2 1,500 2d6 19 [0] 11 12 14 16 15 1 – – – –
3 3,000 3d6 19 [0] 11 12 14 16 15 2 – – – –
4 6,000 4d6 19 [0] 11 12 14 16 15 2 1 – – –
5 12,000 5d6 17 [+2] 9 10 12 14 12 2 2 – – –
6 25,000 6d6 17 [+2] 9 10 12 14 12 2 2 1 1 –
7 50,000 7d6 17 [+2] 9 10 12 14 12 2 2 2 1 1
8 100,000 8d6 17 [+2] 9 10 12 14 12 3 3 2 2 1
9 200,000 9d6 14 [+5] 6 7 9 11 9 3 3 3 2 2
10 300,000 9d6+1* 14 [+5] 6 7 9 11 9 4 4 3 3 2
11 400,000 9d6+2* 14 [+5] 6 7 9 11 9 4 4 4 3 3
12 500,000 9d6+3* 14 [+5] 6 7 9 11 9 5 5 4 4 3
13 600,000 9d6+4* 12 [+7] 3 5 7 8 7 5 5 5 4 4
14 700,000 9d6+5* 12 [+7] 3 5 7 8 7 6 5 5 5 4